Area:(0, 0)(1550.5, 0)(1550.5, 1201.02)(0, 1201.02)
Rule:GATE(5,5);SD(5,5);GATE_SD(0.5);GATE_ITO(0.5);SD_ITO(0.5)
Module:M1
Boundary:(-0.9166666666666666, -0.8333333333333334)(-0.9166666666666666, 227.5)(490.9166666666667, 227.5)(490.9166666666667, -0.8333333333333334);GATE
Port:(-0.8333333333333334, -0.8333333333333334)(-0.8333333333333334, 2.6666666666666665)(490.8333333333333, 2.6666666666666665)(490.8333333333333, -0.8333333333333334);SD
Port:(-0.8333333333333334, 224.0)(-0.8333333333333334, 227.5)(490.8333333333333, 227.5)(490.8333333333333, 224.0);GATE
Module:M2
Boundary:(-0.9166666666666666, -0.8333333333333334)(-0.9166666666666666, 227.5)(490.9166666666667, 227.5)(490.9166666666667, -0.8333333333333334);GATE
Port:(-0.8333333333333334, -0.8333333333333334)(-0.8333333333333334, 2.6666666666666665)(490.8333333333333, 2.6666666666666665)(490.8333333333333, -0.8333333333333334);SD
Port:(-0.8333333333333334, 224.0)(-0.8333333333333334, 227.5)(490.8333333333333, 227.5)(490.8333333333333, 224.0);GATE
Module:M3
Boundary:(-4.583333333333333, -4.166666666666667)(-4.583333333333333, 92.91666666666667)(164.58333333333334, 92.91666666666667)(164.58333333333334, -4.166666666666667);GATE
Port:(12.5, -4.166666666666667)(12.5, -2.5)(147.5, -2.5)(147.5, -4.166666666666667);SD
Port:(-0.8333333333333334, 89.16666666666667)(-0.8333333333333334, 90.83333333333333)(160.83333333333334, 90.83333333333333)(160.83333333333334, 89.16666666666667);GATE
Port:(-0.8333333333333334, 85.83333333333333)(-0.8333333333333334, 87.5)(160.83333333333334, 87.5)(160.83333333333334, 85.83333333333333);SD
Module:M4
Boundary:(-9.583333333333334, -12.916666666666666)(-9.583333333333334, 49.583333333333336)(89.58333333333333, 49.583333333333336)(89.58333333333333, -12.916666666666666);GATE
Port:(5.833333333333333, -4.166666666666667)(5.833333333333333, -2.5)(74.16666666666667, -2.5)(74.16666666666667, -4.166666666666667);SD
Port:(-0.8333333333333334, 39.166666666666664)(-0.8333333333333334, 40.833333333333336)(80.83333333333333, 40.833333333333336)(80.83333333333333, 39.166666666666664);GATE
Port:(-0.8333333333333334, 35.833333333333336)(-0.8333333333333334, 37.5)(80.83333333333333, 37.5)(80.83333333333333, 35.833333333333336);SD
Port:(-7.5, -10.833333333333334)(-7.5, -9.166666666666666)(87.5, -9.166666666666666)(87.5, -10.833333333333334);GATE
Module:M5
Boundary:(-2.9166666666666665, -4.166666666666667)(-2.9166666666666665, 42.916666666666664)(109.58333333333333, 42.916666666666664)(109.58333333333333, -4.166666666666667);GATE
Port:(5.833333333333333, -4.166666666666667)(5.833333333333333, -2.5)(100.83333333333333, -2.5)(100.83333333333333, -4.166666666666667);SD
Port:(-0.8333333333333334, 39.166666666666664)(-0.8333333333333334, 40.833333333333336)(107.5, 40.833333333333336)(107.5, 39.166666666666664);GATE
Port:(-0.8333333333333334, 35.833333333333336)(-0.8333333333333334, 37.5)(107.5, 37.5)(107.5, 35.833333333333336);SD
Module:M6
Boundary:(-2.9166666666666665, -4.166666666666667)(-2.9166666666666665, 42.916666666666664)(29.583333333333332, 42.916666666666664)(29.583333333333332, -4.166666666666667);GATE
Port:(5.833333333333333, -4.166666666666667)(5.833333333333333, -2.5)(20.833333333333332, -2.5)(20.833333333333332, -4.166666666666667);SD
Port:(-0.8333333333333334, 39.166666666666664)(-0.8333333333333334, 40.833333333333336)(27.5, 40.833333333333336)(27.5, 39.166666666666664);GATE
Port:(-0.8333333333333334, 35.833333333333336)(-0.8333333333333334, 37.5)(27.5, 37.5)(27.5, 35.833333333333336);SD
Module:M7
Boundary:(-2.9166666666666665, -2.5)(-2.9166666666666665, 42.916666666666664)(16.25, 42.916666666666664)(16.25, -2.5);GATE
Port:(-0.8333333333333334, 35.833333333333336)(-0.8333333333333334, 37.5)(14.166666666666666, 37.5)(14.166666666666666, 35.833333333333336);SD
Port:(-0.8333333333333334, 39.166666666666664)(-0.8333333333333334, 40.833333333333336)(14.166666666666666, 40.833333333333336)(14.166666666666666, 39.166666666666664);GATE
Port:(5.833333333333333, -0.8333333333333334)(5.833333333333333, 34.166666666666664)(7.5, 34.166666666666664)(7.5, -0.8333333333333334);SD
Module:M8
Boundary:(-2.9166666666666665, -2.5)(-2.9166666666666665, 42.916666666666664)(16.25, 42.916666666666664)(16.25, -2.5);GATE
Port:(-0.8333333333333334, 35.833333333333336)(-0.8333333333333334, 37.5)(14.166666666666666, 37.5)(14.166666666666666, 35.833333333333336);SD
Port:(-0.8333333333333334, 39.166666666666664)(-0.8333333333333334, 40.833333333333336)(14.166666666666666, 40.833333333333336)(14.166666666666666, 39.166666666666664);GATE
Port:(5.833333333333333, -0.8333333333333334)(5.833333333333333, 34.166666666666664)(7.5, 34.166666666666664)(7.5, -0.8333333333333334);SD
Module:M9
Boundary:(-9.583333333333334, -12.916666666666666)(-9.583333333333334, 49.583333333333336)(62.916666666666664, 49.583333333333336)(62.916666666666664, -12.916666666666666);GATE
Port:(5.833333333333333, -4.166666666666667)(5.833333333333333, -2.5)(47.5, -2.5)(47.5, -4.166666666666667);SD
Port:(-0.8333333333333334, 39.166666666666664)(-0.8333333333333334, 40.833333333333336)(54.166666666666664, 40.833333333333336)(54.166666666666664, 39.166666666666664);GATE
Port:(-0.8333333333333334, 35.833333333333336)(-0.8333333333333334, 37.5)(54.166666666666664, 37.5)(54.166666666666664, 35.833333333333336);SD
Port:(-7.5, -10.833333333333334)(-7.5, -9.166666666666666)(60.833333333333336, -9.166666666666666)(60.833333333333336, -10.833333333333334);GATE
Module:M10
Boundary:(-9.583333333333334, -12.916666666666666)(-9.583333333333334, 49.583333333333336)(62.916666666666664, 49.583333333333336)(62.916666666666664, -12.916666666666666);GATE
Port:(5.833333333333333, -4.166666666666667)(5.833333333333333, -2.5)(47.5, -2.5)(47.5, -4.166666666666667);SD
Port:(-0.8333333333333334, 39.166666666666664)(-0.8333333333333334, 40.833333333333336)(54.166666666666664, 40.833333333333336)(54.166666666666664, 39.166666666666664);GATE
Port:(-0.8333333333333334, 35.833333333333336)(-0.8333333333333334, 37.5)(54.166666666666664, 37.5)(54.166666666666664, 35.833333333333336);SD
Port:(-7.5, -10.833333333333334)(-7.5, -9.166666666666666)(60.833333333333336, -9.166666666666666)(60.833333333333336, -10.833333333333334);GATE
Module:M11
Boundary:(-9.583333333333334, -12.916666666666666)(-9.583333333333334, 49.583333333333336)(62.916666666666664, 49.583333333333336)(62.916666666666664, -12.916666666666666);GATE
Port:(5.833333333333333, -4.166666666666667)(5.833333333333333, -2.5)(47.5, -2.5)(47.5, -4.166666666666667);SD
Port:(-0.8333333333333334, 39.166666666666664)(-0.8333333333333334, 40.833333333333336)(54.166666666666664, 40.833333333333336)(54.166666666666664, 39.166666666666664);GATE
Port:(-0.8333333333333334, 35.833333333333336)(-0.8333333333333334, 37.5)(54.166666666666664, 37.5)(54.166666666666664, 35.833333333333336);SD
Port:(-7.5, -10.833333333333334)(-7.5, -9.166666666666666)(60.833333333333336, -9.166666666666666)(60.833333333333336, -10.833333333333334);GATE
Module:M12
Boundary:(-9.583333333333334, -12.916666666666666)(-9.583333333333334, 49.583333333333336)(62.916666666666664, 49.583333333333336)(62.916666666666664, -12.916666666666666);GATE
Port:(5.833333333333333, -4.166666666666667)(5.833333333333333, -2.5)(47.5, -2.5)(47.5, -4.166666666666667);SD
Port:(-0.8333333333333334, 39.166666666666664)(-0.8333333333333334, 40.833333333333336)(54.166666666666664, 40.833333333333336)(54.166666666666664, 39.166666666666664);GATE
Port:(-0.8333333333333334, 35.833333333333336)(-0.8333333333333334, 37.5)(54.166666666666664, 37.5)(54.166666666666664, 35.833333333333336);SD
Port:(-7.5, -10.833333333333334)(-7.5, -9.166666666666666)(60.833333333333336, -9.166666666666666)(60.833333333333336, -10.833333333333334);GATE
Module:M13
Boundary:(-4.583333333333333, -4.166666666666667)(-4.583333333333333, 92.91666666666667)(164.58333333333334, 92.91666666666667)(164.58333333333334, -4.166666666666667);GATE
Port:(12.5, -4.166666666666667)(12.5, -2.5)(147.5, -2.5)(147.5, -4.166666666666667);SD
Port:(-0.8333333333333334, 89.16666666666667)(-0.8333333333333334, 90.83333333333333)(160.83333333333334, 90.83333333333333)(160.83333333333334, 89.16666666666667);GATE
Port:(-0.8333333333333334, 85.83333333333333)(-0.8333333333333334, 87.5)(160.83333333333334, 87.5)(160.83333333333334, 85.83333333333333);SD
Module:M14
Boundary:(-9.583333333333334, -12.916666666666666)(-9.583333333333334, 49.583333333333336)(62.916666666666664, 49.583333333333336)(62.916666666666664, -12.916666666666666);GATE
Port:(5.833333333333333, -4.166666666666667)(5.833333333333333, -2.5)(47.5, -2.5)(47.5, -4.166666666666667);SD
Port:(-0.8333333333333334, 39.166666666666664)(-0.8333333333333334, 40.833333333333336)(54.166666666666664, 40.833333333333336)(54.166666666666664, 39.166666666666664);GATE
Port:(-0.8333333333333334, 35.833333333333336)(-0.8333333333333334, 37.5)(54.166666666666664, 37.5)(54.166666666666664, 35.833333333333336);SD
Port:(-7.5, -10.833333333333334)(-7.5, -9.166666666666666)(60.833333333333336, -9.166666666666666)(60.833333333333336, -10.833333333333334);GATE
Module:M15
Boundary:(-9.583333333333334, -12.916666666666666)(-9.583333333333334, 49.583333333333336)(89.58333333333333, 49.583333333333336)(89.58333333333333, -12.916666666666666);GATE
Port:(5.833333333333333, -4.166666666666667)(5.833333333333333, -2.5)(74.16666666666667, -2.5)(74.16666666666667, -4.166666666666667);SD
Port:(-0.8333333333333334, 39.166666666666664)(-0.8333333333333334, 40.833333333333336)(80.83333333333333, 40.833333333333336)(80.83333333333333, 39.166666666666664);GATE
Port:(-0.8333333333333334, 35.833333333333336)(-0.8333333333333334, 37.5)(80.83333333333333, 37.5)(80.83333333333333, 35.833333333333336);SD
Port:(-7.5, -10.833333333333334)(-7.5, -9.166666666666666)(87.5, -9.166666666666666)(87.5, -10.833333333333334);GATE
Module:M16
Boundary:(-9.583333333333334, -12.916666666666666)(-9.583333333333334, 49.583333333333336)(89.58333333333333, 49.583333333333336)(89.58333333333333, -12.916666666666666);GATE
Port:(5.833333333333333, -4.166666666666667)(5.833333333333333, -2.5)(74.16666666666667, -2.5)(74.16666666666667, -4.166666666666667);SD
Port:(-0.8333333333333334, 39.166666666666664)(-0.8333333333333334, 40.833333333333336)(80.83333333333333, 40.833333333333336)(80.83333333333333, 39.166666666666664);GATE
Port:(-0.8333333333333334, 35.833333333333336)(-0.8333333333333334, 37.5)(80.83333333333333, 37.5)(80.83333333333333, 35.833333333333336);SD
Port:(-7.5, -10.833333333333334)(-7.5, -9.166666666666666)(87.5, -9.166666666666666)(87.5, -10.833333333333334);GATE
Module:M17
Boundary:(-9.583333333333334, -12.916666666666666)(-9.583333333333334, 49.583333333333336)(89.58333333333333, 49.583333333333336)(89.58333333333333, -12.916666666666666);GATE
Port:(5.833333333333333, -4.166666666666667)(5.833333333333333, -2.5)(74.16666666666667, -2.5)(74.16666666666667, -4.166666666666667);SD
Port:(-0.8333333333333334, 39.166666666666664)(-0.8333333333333334, 40.833333333333336)(80.83333333333333, 40.833333333333336)(80.83333333333333, 39.166666666666664);GATE
Port:(-0.8333333333333334, 35.833333333333336)(-0.8333333333333334, 37.5)(80.83333333333333, 37.5)(80.83333333333333, 35.833333333333336);SD
Port:(-7.5, -10.833333333333334)(-7.5, -9.166666666666666)(87.5, -9.166666666666666)(87.5, -10.833333333333334);GATE
Module:M18
Boundary:(-2.9166666666666665, -4.166666666666667)(-2.9166666666666665, 42.916666666666664)(29.583333333333332, 42.916666666666664)(29.583333333333332, -4.166666666666667);GATE
Port:(-0.8333333333333334, 35.833333333333336)(-0.8333333333333334, 37.5)(27.5, 37.5)(27.5, 35.833333333333336);SD
Port:(-0.8333333333333334, 39.166666666666664)(-0.8333333333333334, 40.833333333333336)(27.5, 40.833333333333336)(27.5, 39.166666666666664);GATE
Port:(5.833333333333333, -4.166666666666667)(5.833333333333333, -2.5)(20.833333333333332, -2.5)(20.833333333333332, -4.166666666666667);SD
Module:M19
Boundary:(-9.583333333333334, -12.916666666666666)(-9.583333333333334, 49.583333333333336)(62.916666666666664, 49.583333333333336)(62.916666666666664, -12.916666666666666);GATE
Port:(-0.8333333333333334, 35.833333333333336)(-0.8333333333333334, 37.5)(54.166666666666664, 37.5)(54.166666666666664, 35.833333333333336);SD
Port:(-0.8333333333333334, 39.166666666666664)(-0.8333333333333334, 40.833333333333336)(54.166666666666664, 40.833333333333336)(54.166666666666664, 39.166666666666664);GATE
Port:(5.833333333333333, -4.166666666666667)(5.833333333333333, -2.5)(47.5, -2.5)(47.5, -4.166666666666667);SD
Port:(-7.5, -10.833333333333334)(-7.5, -9.166666666666666)(60.833333333333336, -9.166666666666666)(60.833333333333336, -10.833333333333334);GATE
Module:M20
Boundary:(-2.9166666666666665, -4.166666666666667)(-2.9166666666666665, 42.916666666666664)(42.916666666666664, 42.916666666666664)(42.916666666666664, -4.166666666666667);GATE
Port:(5.833333333333333, -4.166666666666667)(5.833333333333333, -2.5)(34.166666666666664, -2.5)(34.166666666666664, -4.166666666666667);SD
Port:(-0.8333333333333334, 39.166666666666664)(-0.8333333333333334, 40.833333333333336)(40.833333333333336, 40.833333333333336)(40.833333333333336, 39.166666666666664);GATE
Port:(-0.8333333333333334, 35.833333333333336)(-0.8333333333333334, 37.5)(40.833333333333336, 37.5)(40.833333333333336, 35.833333333333336);SD
Module:M21
Boundary:(-9.583333333333334, -12.916666666666666)(-9.583333333333334, 49.583333333333336)(62.916666666666664, 49.583333333333336)(62.916666666666664, -12.916666666666666);GATE
Port:(5.833333333333333, -4.166666666666667)(5.833333333333333, -2.5)(47.5, -2.5)(47.5, -4.166666666666667);SD
Port:(-0.8333333333333334, 39.166666666666664)(-0.8333333333333334, 40.833333333333336)(54.166666666666664, 40.833333333333336)(54.166666666666664, 39.166666666666664);GATE
Port:(-0.8333333333333334, 35.833333333333336)(-0.8333333333333334, 37.5)(54.166666666666664, 37.5)(54.166666666666664, 35.833333333333336);SD
Port:(-7.5, -10.833333333333334)(-7.5, -9.166666666666666)(60.833333333333336, -9.166666666666666)(60.833333333333336, -10.833333333333334);GATE
Module:M22
Boundary:(-2.9166666666666665, -4.166666666666667)(-2.9166666666666665, 42.916666666666664)(42.916666666666664, 42.916666666666664)(42.916666666666664, -4.166666666666667);GATE
Port:(5.833333333333333, -4.166666666666667)(5.833333333333333, -2.5)(34.166666666666664, -2.5)(34.166666666666664, -4.166666666666667);SD
Port:(-0.8333333333333334, 39.166666666666664)(-0.8333333333333334, 40.833333333333336)(40.833333333333336, 40.833333333333336)(40.833333333333336, 39.166666666666664);GATE
Port:(-0.8333333333333334, 35.833333333333336)(-0.8333333333333334, 37.5)(40.833333333333336, 37.5)(40.833333333333336, 35.833333333333336);SD
Module:M23
Boundary:(-9.583333333333334, -12.916666666666666)(-9.583333333333334, 49.583333333333336)(142.91666666666666, 49.583333333333336)(142.91666666666666, -12.916666666666666);GATE
Port:(5.833333333333333, -4.166666666666667)(5.833333333333333, -2.5)(127.5, -2.5)(127.5, -4.166666666666667);SD
Port:(-0.8333333333333334, 39.166666666666664)(-0.8333333333333334, 40.833333333333336)(134.16666666666666, 40.833333333333336)(134.16666666666666, 39.166666666666664);GATE
Port:(-0.8333333333333334, 35.833333333333336)(-0.8333333333333334, 37.5)(134.16666666666666, 37.5)(134.16666666666666, 35.833333333333336);SD
Port:(-7.5, -10.833333333333334)(-7.5, -9.166666666666666)(140.83333333333334, -9.166666666666666)(140.83333333333334, -10.833333333333334);GATE
Module:M24
Boundary:(-9.583333333333334, -12.916666666666666)(-9.583333333333334, 49.583333333333336)(142.91666666666666, 49.583333333333336)(142.91666666666666, -12.916666666666666);GATE
Port:(5.833333333333333, -4.166666666666667)(5.833333333333333, -2.5)(127.5, -2.5)(127.5, -4.166666666666667);SD
Port:(-0.8333333333333334, 39.166666666666664)(-0.8333333333333334, 40.833333333333336)(134.16666666666666, 40.833333333333336)(134.16666666666666, 39.166666666666664);GATE
Port:(-0.8333333333333334, 35.833333333333336)(-0.8333333333333334, 37.5)(134.16666666666666, 37.5)(134.16666666666666, 35.833333333333336);SD
Port:(-7.5, -10.833333333333334)(-7.5, -9.166666666666666)(140.83333333333334, -9.166666666666666)(140.83333333333334, -10.833333333333334);GATE
Module:M25
Boundary:(-9.583333333333334, -12.916666666666666)(-9.583333333333334, 49.583333333333336)(62.916666666666664, 49.583333333333336)(62.916666666666664, -12.916666666666666);GATE
Port:(5.833333333333333, -4.166666666666667)(5.833333333333333, -2.5)(47.5, -2.5)(47.5, -4.166666666666667);SD
Port:(-0.8333333333333334, 39.166666666666664)(-0.8333333333333334, 40.833333333333336)(54.166666666666664, 40.833333333333336)(54.166666666666664, 39.166666666666664);GATE
Port:(-0.8333333333333334, 35.833333333333336)(-0.8333333333333334, 37.5)(54.166666666666664, 37.5)(54.166666666666664, 35.833333333333336);SD
Port:(-7.5, -10.833333333333334)(-7.5, -9.166666666666666)(60.833333333333336, -9.166666666666666)(60.833333333333336, -10.833333333333334);GATE
